[gd_scene load_steps=13 format=3 uid="uid://doj5lfukwv8ok"]

[ext_resource type="Texture2D" uid="uid://c8arnlq67qi7" path="res://assets/textures/grids/Dark/texture_05.png" id="1_jyhfs"]
[ext_resource type="Texture2D" uid="uid://cx4r1j6m3vtye" path="res://assets/textures/grids/Orange/texture_10.png" id="2_tbgi4"]
[ext_resource type="Texture2D" uid="uid://djg8y25y06h5n" path="res://assets/textures/grids/Green/texture_09.png" id="3_tefeu"]
[ext_resource type="Texture2D" uid="uid://cm5m7nr7dugjd" path="res://assets/textures/grids/Purple/texture_09.png" id="4_o6xl0"]
[ext_resource type="PackedScene" uid="uid://dpu5f533o8tx8" path="res://scenes/player.tscn" id="5_tbgi4"]

[sub_resource type="ProceduralSkyMaterial" id="ProceduralSkyMaterial_tipki"]
sky_horizon_color = Color(0.662243, 0.671743, 0.686743, 1)
ground_horizon_color = Color(0.662243, 0.671743, 0.686743, 1)

[sub_resource type="Sky" id="Sky_85g3d"]
sky_material = SubResource("ProceduralSkyMaterial_tipki")

[sub_resource type="Environment" id="Environment_choun"]
background_mode = 2
sky = SubResource("Sky_85g3d")
tonemap_mode = 2
sdfgi_enabled = true
fog_enabled = true
fog_density = 0.001

[sub_resource type="StandardMaterial3D" id="StandardMaterial3D_ya4ey"]
albedo_texture = ExtResource("1_jyhfs")
uv1_triplanar = true

[sub_resource type="StandardMaterial3D" id="StandardMaterial3D_eb6dy"]
albedo_texture = ExtResource("2_tbgi4")

[sub_resource type="StandardMaterial3D" id="StandardMaterial3D_trceg"]
albedo_texture = ExtResource("3_tefeu")
uv1_triplanar = true

[sub_resource type="StandardMaterial3D" id="StandardMaterial3D_a8y0u"]
albedo_texture = ExtResource("4_o6xl0")
uv1_triplanar = true

[node name="world" type="Node3D"]

[node name="DirectionalLight3D" type="DirectionalLight3D" parent="."]
transform = Transform3D(-0.866025, -0.433013, 0.25, 0, 0.5, 0.866025, -0.5, 0.75, -0.433013, 0, 0, 0)
shadow_enabled = true

[node name="WorldEnvironment" type="WorldEnvironment" parent="."]
environment = SubResource("Environment_choun")

[node name="map" type="Node3D" parent="."]

[node name="floor" type="CSGBox3D" parent="map"]
transform = Transform3D(1, 0, 0, 0, 1, 0, 0, 0, 1, 0, -0.5, 0)
material_override = SubResource("StandardMaterial3D_ya4ey")
use_collision = true
size = Vector3(100, 1, 1000)

[node name="orange box" type="CSGBox3D" parent="map"]
transform = Transform3D(0.902968, 0, -0.429708, 0, 1, 0, 0.429708, 0, 0.902968, -1.99518, 0.5, 1.4)
use_collision = true
material = SubResource("StandardMaterial3D_eb6dy")

[node name="green box" type="CSGBox3D" parent="map"]
transform = Transform3D(0.866025, 0, 0.5, 0, 1, 0, -0.5, 0, 0.866025, 1.9, 1.50229, 5.31259)
material_override = SubResource("StandardMaterial3D_trceg")
use_collision = true
size = Vector3(3, 3, 3)
material = SubResource("StandardMaterial3D_eb6dy")

[node name="purple box" type="CSGBox3D" parent="map"]
transform = Transform3D(0.939693, 0, -0.34202, 0, 1, 0, 0.34202, 0, 0.939693, 2.8, 1, -2.1)
material_override = SubResource("StandardMaterial3D_a8y0u")
use_collision = true
size = Vector3(2, 2, 2)
material = SubResource("StandardMaterial3D_eb6dy")

[node name="player" parent="." instance=ExtResource("5_tbgi4")]
sense_horizontal = 0.3
sense_vertical = 0.3
